4294967294,526
4294967294,442
4294967294,519
4294967294,443
4294967294,427
4294967294,428
4294967294,158
4294967294,157
4294967294,430
4294967294,536
4294967294,423
4294967294,426
4294967279,345
4294967279,89
4294967279,87
4294967279,86
4294967279,85
4294967279,84
4294967279,83
4294967279,82
4294967279,81
4294967279,80
4294967279,79
4294967279,78
4294967279,73
4294967279,72
4294967279,71
4294967279,70
4294967279,69
4294967279,68
4294967279,182
4294967278,542
4294967279,363
4294967278,174
4294967278,558
4294967278,33
4294967278,32
4294967278,31
4294967278,30
4294967278,29
4294967278,28
4294967278,27
4294967278,26
4294967278,25
4294967278,22
4294967278,20
4294967278,19
4294967278,18
4294967278,17
4294967278,16
4294967278,15
4294967278,12
4294967278,11
4294967278,10
4294967278,9
4294967278,8
4294967278,7
4294967278,6
4294967278,5
4294967278,4
4294967279,131
4294967279,130
4294967279,129
4294967279,128
4294967279,127
4294967279,126
4294967279,125
4294967279,124
4294967279,123
4294967279,251
4294967279,121
4294967279,120
4294967279,247
4294967279,119
4294967279,118
4294967279,117
4294967279,116
4294967279,115
4294967279,114
4294967279,113
4294967279,112
4294967279,233
4294967279,111
4294967279,231
4294967279,110
4294967279,109
4294967279,108
4294967279,107
4294967279,106
4294967279,105
4294967279,104
4294967279,103
4294967279,102
4294967279,101
4294967279,100
4294967279,99
4294967279,98
4294967279,97
4294967279,96
4294967279,95
4294967279,94
4294967279,93
4294967279,92
4294967279,91
4294967279,90
4294967279,360
4294967279,362
4294967279,359
4294967279,21
4294967279,20
4294967279,19
4294967279,18
4294967279,16
4294967279,15
4294967279,12
4294967279,361
4294967278,539
4294967278,160
4294967278,162
86,5
86,4
4294967278,161
86,3
86,2
86,1
4294967279,217
4294967278,157
4294967278,156
4294967278,155
4294967278,154
4294967278,152
85,7
4294967278,151
85,6
85,5
4294967278,150
85,4
85,3
85,2
85,1
4294967278,149
4294967279,358
4294967278,34
4294967278,553
4294967294,491
4294967278,144
4294967278,143
4294967278,141
4294967278,138
4294967278,140
4294967278,139
4294967278,289
4294967294,966
4294967294,911
4294967294,170
4294967278,535
4294967279,278
4294967278,24
4294967278,518
4294967279,277
4294967278,23
4294967278,275
4294967278,134
4294967279,133
4294967279,134
4294967278,21
4294967278,133
4294967278,274
4294967278,273
4294967279,138
4294967279,354
4294967278,268
4294967278,270
4294967278,269
4294967278,526
4294967279,272
4294967278,14
4294967278,280
4294967279,14
4294967278,13
4294967279,13
4294967279,268
4294967279,267
4294967278,264
4294967279,285
4294967278,263
4294967279,265
4294967278,261
4294967278,257
82,6
4294967278,259
82,5
82,4
4294967278,258
82,3
82,2
82,1
4294967279,284
4294967279,132
4294967279,331
4294967278,514
4294967279,255
4294967278,544
4294967279,122
4294967278,234
80,8
80,7
80,6
80,5
80,4
80,3
80,2
80,1
4294967279,351
4294967278,229
4294967278,225
4294967278,222
4294967278,221
4294967279,221
4294967278,214
4294967278,213
4294967278,314
4294967279,350
4294967278,318
4294967278,549
4294967278,208
4294967278,517
4294967279,349
4294967278,207
4294967278,201
4294967278,203
4294967279,204
4294967278,202
4294967278,315
4294967279,348
4294967279,312
4294967278,547
4294967278,197
4294967294,182
4294967294,910
4294967278,196
4294967278,309
4294967278,190
4294967278,193
4294967278,192
4294967278,191
4294967278,306
4294967294,490
4294967279,316
4294967278,545
4294967279,340
4294967278,181
4294967278,180
75,4
4294967279,181
75,3
75,2
75,1
4294967279,303
4294967278,179
4294967278,178
4294967278,177
4294967278,176
4294967294,489
4294967278,175
4294967278,173
4294967279,313
4294967278,172
4294967294,429
4294967278,171
4294967278,170
4294967278,169
4294967294,416
4294967279,170
4294967278,168
4294967279,169
4294967278,167
71,4
4294967279,168
71,3
71,2
71,1
4294967279,311
4294967278,166
4294967278,165
4294967278,164
70,4
70,3
70,2
70,1
4294967278,163
4294967278,538
4294967294,397
4294967294,421
4294967294,407
4294967294,178
4294967294,954
4294967294,404
4294967294,415
4294967279,341
4294967279,342
4294967278,536
4294967278,537
4294967279,339
4294967278,543
4294967279,338
4294967278,533
4294967279,295
4294967278,532
4294967279,294
4294967279,337
4294967294,470
4294967278,531
4294967279,335
4294967279,336
4294967278,529
4294967278,530
4294967294,107
4294967279,323
4294967279,332
4294967294,924
4294967294,488
4294967278,292
4294967294,390
4294967278,291
4294967294,487
4294967279,291
4294967294,486
4294967279,290
4294967294,440
4294967294,926
4294967294,953
4294967294,425
4294967294,392
4294967294,389
4294967294,114
4294967294,967
4294967294,99
4294967294,92
4294967294,90
4294967294,87
4294967294,86
4294967294,84
4294967294,83
4294967294,956
4294967294,955
4294967294,414
4294967294,388
4294967294,53
4294967294,418
4294967294,52
4294967294,45
4294967294,44
4294967294,43
4294967294,40
4294967294,41
4294967294,38
4294967294,36
4294967278,36
4294967278,35
4294967294,5
4294967278,131
4294967278,256
4294967278,129
4294967278,128
4294967278,127
4294967278,126
4294967278,125
4294967278,124
4294967278,123
4294967278,534
4294967278,120
4294967278,119
4294967278,118
4294967278,117
4294967278,116
4294967278,115
4294967278,114
4294967278,113
4294967278,112
4294967278,109
4294967278,107
4294967278,106
4294967278,105
4294967278,104
4294967278,103
4294967278,102
4294967278,527
4294967278,99
4294967278,98
4294967278,96
4294967278,95
4294967278,94
4294967278,93
4294967278,92
4294967278,91
4294967278,87
4294967278,85
4294967278,84
4294967278,82
4294967278,81
4294967278,80
4294967278,528
4294967278,76
4294967278,74
4294967278,73
4294967278,72
4294967278,71
4294967278,70
